************
12 1007 0.500704 137.176
13 1006 0 0
************
13 1008 0.527669 127.128
14 1007 0 0
************
29 462 0.532888 50.8655
28 461 0 0
************
30 461 0.532379 48.86
29 460 0 0
************
31 460 0.548321 46.4481
30 459 0 0
************
31 461 0.514888 48.6016
30 460 0 0
************
31 669 0.508067 168.163
30 669 0 0
************
31 670 0.520892 168.248
30 670 0 0
************
31 671 0.505819 166.593
30 671 0 0
************
32 458 0.511614 41.1609
31 457 0 0
************
32 459 0.556469 41.8022
31 458 0 0
************
32 460 0.536638 41.9312
31 459 0 0
************
33 457 0.505595 36.5965
32 456 0 0
************
33 458 0.576713 33.9896
32 457 0 0
************
34 456 0.533907 31.0006
33 455 0 0
************
34 457 0.557845 28.5559
33 456 0 0
************
34 680 0.537954 171.635
33 680 0 0
************
34 681 0.546745 170.697
33 681 0 0
************
34 682 0.548317 167.333
33 682 0 0
************
35 455 0.582046 33.1415
34 454 0 0
************
35 456 0.536542 30.7868
34 455 0 0
************
35 684 0.512493 166.742
34 684 0 0
************
35 685 0.5492 167.841
34 685 0 0
************
35 686 0.549545 167.626
34 686 0 0
************
37 693 0.503499 155.836
38 692 0 0
************
56 735 0.52578 144.222
57 734 0 0
************
57 736 0.548105 141.566
58 735 0 0
************
57 737 0.517597 138.927
58 736 0 0
************
58 737 0.550407 138.308
59 736 0 0
************
58 738 0.518299 136.288
59 737 0 0
************
59 738 0.536371 135.846
60 737 0 0
************
59 739 0.551019 133.03
60 738 0 0
************
60 739 0.569393 130.614
61 738 0 0
************
60 740 0.538895 129.63
61 739 0 0
************
61 740 0.570993 127.299
62 739 0 0
************
62 741 0.525893 122.618
63 740 0 0
************
63 742 0.50557 125.284
64 741 0 0
************
65 743 0.507719 123.86
66 742 0 0
************
67 744 0.520251 124.779
68 743 0 0
************
69 745 0.514844 118.631
70 744 0 0
************
71 746 0.503723 109.255
71 745 0 0
************
80 1431 0.520446 53.9437
79 1430 0 0
************
81 1430 0.542665 59.102
80 1429 0 0
************
82 1430 0.518366 58.7444
81 1429 0 0
************
83 1429 0.580649 58.3908
82 1428 0 0
************
84 1428 0.52998 56.4005
83 1427 0 0
************
85 1428 0.553964 54.7237
84 1427 0 0
************
86 1427 0.540977 55.8265
85 1426 0 0
************
87 1426 0.561851 58.1765
86 1425 0 0
************
88 1183 0.509585 128.088
89 1182 0 0
************
88 1425 0.5181 54.4019
87 1424 0 0
************
89 1424 0.554443 46.3197
88 1423 0 0
************
89 1425 0.558172 51.9279
88 1424 0 0
************
90 1423 0.599541 39.3467
89 1422 0 0
************
90 1424 0.654196 41.7069
89 1423 0 0
************
91 1422 0.652038 31.0346
90 1421 0 0
************
91 1423 0.695839 35.5742
90 1422 0 0
************
92 1421 0.728034 28.9459
91 1420 0 0
************
92 1422 0.725256 30.6559
91 1421 0 0
************
93 1419 0.551948 29.3797
92 1418 0 0
************
93 1420 0.684154 29.5672
92 1419 0 0
************
93 1421 0.591209 28.9206
92 1420 0.528727 25.4458
************
94 1418 0.53565 38.9643
93 1417 0 0
************
94 1419 0.608984 36.5239
93 1418 0 0
************
95 1417 0.556607 46.2277
94 1416 0 0
************
95 1418 0.560572 46.8375
94 1417 0 0
************
96 1048 0.513709 136.925
97 1047 0 0
************
96 1417 0.531242 53.3817
95 1416 0 0
************
97 1049 0.571505 136.643
98 1048 0 0
************
97 1416 0.510914 58.9873
96 1415 0 0
************
98 1050 0.582299 135.198
99 1049 0 0
************
98 1051 0.523345 134.345
99 1050 0 0
************
99 1051 0.593934 136.368
100 1050 0 0
************
99 1052 0.530507 136.778
100 1051 0 0
************
100 1052 0.540189 138.055
101 1051 0 0
************
100 1053 0.542408 141.857
101 1052 0 0
************
101 1054 0.564323 149.128
102 1053 0 0
************
101 1055 0.52961 154.535
102 1054 0 0
************
102 1055 0.536212 157.47
103 1054 0 0
************
102 1056 0.635772 160.484
101 1056 0 0
************
102 1057 0.595718 160.733
101 1057 0 0
************
103 1058 0.568228 154.988
104 1057 0 0
************
103 1059 0.573006 152.114
104 1058 0 0
************
104 1060 0.54801 146.517
105 1059 0 0
************
104 1061 0.512902 147.887
105 1060 0 0
************
105 1062 0.515359 144.124
106 1061 0 0
************
130 110 0.533485 118.74
131 109 0 0
************
150 360 0.528342 57.4855
149 359 0 0
************
150 361 0.557227 50.5004
149 360 0 0
************
151 360 0.625047 56.3105
150 359 0 0
************
152 359 0.607923 63.4653
151 358 0 0
************
153 359 0.531276 65.924
152 358 0 0
************
154 358 0.592297 69.9476
154 357 0 0
************
155 357 0.546509 72.577
155 356 0 0
************
156 357 0.63724 69.1152
156 356 0 0
************
157 356 0.610283 72.0089
157 355 0 0
************
158 356 0.66031 72.3964
158 355 0 0
************
159 356 0.650292 73.4792
159 355 0.56887 75.2814
************
160 355 0.638632 75.0571
160 354 0 0
************
161 355 0.674491 75.8695
161 354 0 0
************
162 354 0.569082 65.0166
161 353 0 0
************
162 355 0.628773 76.1542
162 354 0.569082 65.0166
************
163 354 0.578203 61.6743
162 353 0 0
************
164 353 0.639569 51.2065
163 352 0 0
************
164 354 0.575231 55.2588
163 353 0 0
************
165 352 0.642737 46.1021
164 351 0 0
************
165 353 0.67523 48.9205
164 352 0 0
************
166 351 0.635542 40.3875
165 350 0 0
************
166 352 0.67777 43.0115
165 351 0 0
************
167 349 0.542499 29.7977
166 348 0 0
************
167 350 0.657143 31.9881
166 349 0 0
************
167 351 0.587819 37.4272
166 350 0.530775 35.5868
************
168 348 0.562963 21.4037
167 348 0 0
************
168 349 0.570273 25.9507
167 348 0 0
************
177 1414 0.514807 87.851
177 1413 0 0
************
178 1414 0.5658 92.4056
178 1413 0 0
************
179 1414 0.622631 96.8387
179 1413 0 0
************
180 1414 0.661281 99.7186
180 1413 0 0
************
181 1414 0.655003 100.873
181 1413 0 0
************
182 1414 0.676735 100.183
182 1413 0 0
************
183 1415 0.664511 101.038
183 1414 0.640918 99.1372
************
184 1415 0.700131 96.8805
184 1414 0.61491 98.3334
************
185 1415 0.68611 91.6012
185 1414 0.580629 93.326
************
186 1415 0.658369 84.6171
186 1414 0.624283 87.591
************
187 1414 0.611326 82.685
187 1413 0.508136 83.8678
************
188 1414 0.666531 73.3128
188 1413 0.523423 79.974
************
189 1414 0.728554 65.4424
188 1413 0.523423 79.974
************
190 1413 0.72659 63.8698
189 1412 0 0
************
190 1414 0.745072 60.4824
189 1413 0.542186 72.0966
************
191 1413 0.814112 58.4201
190 1412 0 0
************
192 1412 0.810349 55.4288
191 1411 0 0
************
192 1413 0.704958 54.7373
191 1412 0.588162 61.7094
************
193 1411 0.733603 53.368
192 1410 0 0
************
193 1412 0.791518 51.7159
192 1411 0 0
************
194 1411 0.864856 51.4746
193 1410 0 0
************
195 1410 0.868587 53.0358
194 1409 0 0
************
195 1411 0.722495 49.4415
194 1410 0.634377 52.9858
************
196 1409 0.871974 54.6712
195 1408 0 0
************
196 1410 0.86569 53.0441
195 1409 0.552935 51.5132
************
197 1408 0.798086 54.9633
196 1407 0 0
************
197 1409 0.965462 54.0937
196 1408 0.542092 53.7093
************
198 1408 1 54.3478
197 1407 0 0
************
199 1407 0.899934 54.1874
198 1406 0 0
************
199 1408 0.894973 54.0294
198 1407 0.688045 55.8501
************
200 1407 0.90139 54.7876
199 1406 0 0
************
201 1406 0.762433 56.7137
200 1405 0 0
************
201 1407 0.676679 56.0333
200 1406 0.660011 53.4005
************
202 1405 0.634908 58.4612
201 1404 0 0
************
202 1406 0.690006 58.6913
201 1405 0 0
************
203 1405 0.761322 61.6445
202 1404 0 0
************
204 1405 0.787388 63.9719
203 1404 0 0
************
205 1404 0.891156 70.2736
205 1403 0.536258 66.5258
************
206 1404 0.974353 72.2181
206 1403 0.776695 67.5582
************
207 1403 0.913372 69.6061
207 1402 0.603763 69.6991
************
208 1403 0.940342 68.7265
208 1402 0.734201 71.4171
************
209 1403 0.876856 69.3331
209 1402 0.784847 69.9358
************
210 1403 0.832177 72.1203
210 1402 0.819032 68.8951
************
211 1402 0.854807 71.613
211 1401 0.653813 68.4273
************
212 1402 0.780741 70.267
212 1401 0.744326 71.2212
************
213 1401 0.747968 68.6461
213 1400 0.577241 67.6543
************
214 1400 0.67656 65.262
213 1399 0 0
************
214 1401 0.713503 67.6856
214 1400 0.67656 65.262
************
215 1400 0.747628 63.8829
214 1399 0 0
************
216 1400 0.736909 66.3227
215 1399 0 0
************
217 1399 0.764507 66.0174
216 1398 0 0
************
218 1399 0.775222 69.7571
218 1398 0.572141 66.3962
************
219 1399 0.720528 70.6987
219 1398 0.709505 69.2904
************
220 1398 0.728917 70.6225
220 1397 0 0
************
221 1398 0.627153 69.2257
221 1397 0 0
************
222 1397 0.50277 59.7104
221 1396 0 0
************
224 1395 0.509807 37.0554
223 1394 0 0
************
224 1396 0.545563 38.3436
223 1395 0 0
************
225 1394 0.577386 36.1143
224 1393 0 0
************
225 1395 0.560821 38.2697
224 1394 0 0
************
226 1393 0.515223 43.1231
225 1392 0 0
************
226 1394 0.635098 44.2362
225 1393 0 0
************
235 1392 0.512159 104.213
235 1391 0 0
************
237 845 0.501052 40.369
236 844 0 0
************
238 843 0.517929 38.3927
237 842 0 0
************
238 844 0.506638 39.0946
237 843 0 0
************
239 842 0.524797 39.9073
238 841 0 0
************
241 840 0.516594 38.2669
240 839 0 0
************
242 839 0.515443 36.6758
241 838 0 0
************
243 838 0.512004 35.327
242 837 0 0
************
244 836 0.505752 36.2898
243 835 0 0
************
244 837 0.520198 36.01
243 836 0 0
************
275 132 0.503847 91.5149
275 131 0 0
************
276 132 0.512142 88.7383
276 131 0 0
************
277 132 0.512982 86.1602
277 131 0 0
************
282 130 0.519016 41.9644
281 129 0 0
************
283 129 0.511456 36.6738
282 128 0 0
************
284 128 0.5346 33.8488
283 127 0 0
************
288 122 0.507858 36.29
287 121 0 0
************
289 121 0.510591 38.864
288 120 0 0
************
315 323 0.503714 56.5168
314 322 0 0
************
317 588 0.509828 34.8527
316 587 0 0
************
318 586 0.56543 36.1881
317 585 0 0
************
318 587 0.526573 38.3927
317 586 0 0
************
319 585 0.566807 35.0016
318 584 0 0
************
354 270 0.519181 58.4566
353 269 0 0
************
368 191 0.533059 58.9511
367 190 0 0
************
369 190 0.522194 65.9852
368 189 0 0
************
369 191 0.519742 57.8824
368 190 0 0
************
370 190 0.518071 63.738
369 189 0 0
************
371 189 0.51774 69.6329
371 188 0 0
************
377 183 0.519196 41.2453
376 182 0 0
************
378 182 0.513669 43.5971
377 181 0 0
************
378 183 0.501282 40.2894
377 182 0 0
************
378 189 0.505162 135.329
379 188 0 0
************
379 181 0.516847 44.3034
378 180 0 0
************
380 180 0.505072 47.3748
379 179 0 0
************
393 279 0.555721 87.7784
393 278 0 0
************
394 279 0.563707 85.185
394 278 0 0
************
402 275 0.514066 47.6693
401 274 0 0
************
414 147 0.506725 52.7158
413 146 0 0
************
420 147 0.529319 143.288
421 146 0 0
************
422 140 0.507393 45.1273
421 139 0 0
************
425 371 0.502341 96.8446
425 370 0 0
************
426 371 0.523418 99.6268
426 370 0 0
************
429 1323 0.512502 140.061
430 1322 0 0
************
430 372 0.509699 100.166
430 371 0 0
************
430 1324 0.51371 137.302
431 1323 0 0
************
431 372 0.500165 99.0964
431 371 0 0
************
436 1329 0.508455 121.318
437 1328 0 0
************
437 1329 0.578101 122.342
438 1328 0 0
************
437 1330 0.544668 118.035
438 1329 0 0
************
438 1330 0.588042 118.465
439 1329 0 0
************
439 1330 0.551502 115.45
440 1329 0 0
************
440 1331 0.516106 109.603
440 1330 0 0
************
441 1331 0.540801 101.536
441 1330 0 0
************
442 1331 0.558127 95.6834
442 1330 0 0
************
443 1331 0.560351 91.4412
443 1330 0 0
************
444 318 0.519572 100.337
444 317 0 0
************
444 1331 0.549189 85.7021
444 1330 0 0
************
445 318 0.515443 99.4687
445 317 0 0
************
445 1331 0.552274 82.9043
445 1330 0 0
************
446 1330 0.504023 67.4419
445 1329 0 0
************
446 1331 0.50406 78.0533
446 1330 0.504023 67.4419
************
447 1330 0.539243 64.0792
446 1329 0 0
************
448 1330 0.574194 60.0718
447 1329 0 0
************
449 1329 0.500653 58.9878
448 1328 0 0
************
449 1330 0.50496 55.6768
448 1329 0 0
************
456 317 0.503294 96.5914
456 316 0 0
************
459 1324 0.529215 56.3872
458 1323 0 0
************
464 1322 0.531716 82.3434
464 1321 0 0
************
465 1322 0.529875 83.0646
465 1321 0 0
************
492 339 0.550975 94.3843
492 338 0 0
************
493 339 0.515492 92.9466
493 338 0 0
************
508 156 0.515115 107.97
508 155 0 0
************
508 1232 0.517985 99.1154
508 1231 0 0
************
508 1315 0.50537 85.275
508 1314 0 0
************
509 1315 0.500639 88.6796
509 1314 0 0
************
513 158 0.51819 115.154
514 157 0 0
************
514 158 0.516089 113.639
515 157 0 0
************
518 1017 0.523835 58.1945
517 1016 0 0
************
519 1017 0.519403 58.642
518 1016 0 0
************
522 1014 0.535335 32.0167
521 1013 0 0
************
523 1012 0.546021 38.0863
522 1011 0 0
************
523 1013 0.633398 33.6604
522 1012 0 0
************
523 1014 0.529127 28.1447
522 1013 0 0
************
524 1011 0.617931 39.8798
523 1010 0 0
************
524 1012 0.684937 37.3467
523 1011 0 0
************
525 1010 0.661094 40.7756
524 1009 0 0
************
525 1011 0.63408 40.6408
524 1010 0 0
************
526 1009 0.687632 39.9709
525 1008 0 0
************
526 1010 0.577376 41.6105
525 1009 0 0
************
527 1007 0.506514 38.6253
526 1006 0 0
************
527 1008 0.696665 38.5008
526 1007 0 0
************
527 1009 0.545562 40.8848
526 1008 0.517542 39.5584
************
528 1006 0.530564 37.7933
527 1005 0 0
************
528 1007 0.665892 39.0217
527 1006 0 0
************
529 1005 0.51002 36.4829
528 1004 0 0
************
529 1006 0.610889 40.3205
528 1005 0 0
************
530 141 0.507941 18.2091
529 141 0 0
************
530 142 0.528161 13.1728
529 142 0 0
************
531 140 0.504769 22.5994
530 139 0 0
************
532 580 0.500344 27.5222
531 579 0 0
************
534 136 0.517508 63.0563
533 135 0 0
************
535 135 0.577009 71.0486
535 134 0 0
************
535 136 0.565863 66.7377
534 135 0 0
************
535 574 0.552746 38.2912
534 573 0 0
************
536 135 0.630284 69.5829
536 134 0 0
************
536 572 0.538034 38.2922
535 571 0 0
************
536 573 0.551589 39.061
535 572 0 0
************
537 135 0.624195 73.5175
537 134 0.571958 70.4282
************
537 459 0.52819 170.793
536 459 0 0
************
537 460 0.526791 166.915
536 460 0 0
************
537 461 0.538519 161.918
536 461 0 0
************
537 570 0.539587 27.5787
536 569 0 0
************
537 571 0.599351 33.1083
536 570 0 0
************
537 572 0.519868 35.7301
536 571 0 0
************
538 134 0.604804 71.0106
538 133 0 0
************
538 462 0.516641 164.064
537 462 0 0
************
538 463 0.532501 163.647
537 463 0 0
************
538 567 0.563395 11.4433
537 567 0 0
************
538 568 0.593576 15.4624
537 568 0 0
************
538 569 0.585541 19.0002
537 569 0 0
************
538 570 0.571708 25.2478
537 569 0 0
************
539 134 0.50082 71.0602
539 133 0 0
************
539 560 0.522327 8.05571
538 560 0 0
************
539 561 0.567396 7.7005
538 561 0 0
************
539 562 0.619493 7.21409
538 562 0 0
************
539 563 0.653595 5.51062
538 563 0 0
************
539 564 0.650795 6.52912
538 564 0 0
************
539 565 0.617858 6.94227
538 565 0 0
************
539 566 0.585274 8.19397
538 566 0.541782 7.45132
************
540 556 0.526109 15.8551
539 556 0 0
************
540 557 0.542265 12.6261
539 557 0 0
************
540 558 0.535361 12.4336
539 558 0 0
************
540 559 0.500087 12.3499
539 559 0 0
************
542 132 0.574866 47.3104
541 131 0 0
************
542 350 0.532512 26.4646
541 349 0 0
************
542 351 0.523218 22.6841
541 350 0 0
************
543 131 0.602186 51.204
542 130 0 0
************
543 132 0.55266 53.9158
542 131 0 0
************
544 131 0.580948 57.6931
543 130 0 0
************
545 130 0.571585 65.1871
544 129 0 0
************
545 214 0.529395 8.87789
544 214 0 0
************
545 215 0.537251 9.3234
544 215 0 0
************
545 216 0.556302 10.5326
544 216 0 0
************
545 217 0.571705 12.0452
544 217 0 0
************
545 218 0.5338 12.45
544 218 0 0
************
546 130 0.555292 68.0851
546 129 0 0
************
546 208 0.54467 6.84379
545 208 0 0
************
546 209 0.580254 8.87224
545 209 0 0
************
546 210 0.593957 10.5961
545 210 0 0
************
546 211 0.577613 10.7004
545 211 0 0
************
546 212 0.583193 10.3776
545 212 0 0
************
546 213 0.561882 10.7134
545 213 0.505937 8.06275
************
550 861 0.504581 32.2257
549 860 0 0
************
551 859 0.524748 20.7494
550 859 0 0
************
552 852 0.546703 2.52275
551 852 0 0
************
552 853 0.563827 3.87482
551 853 0 0
************
552 854 0.606568 5.43789
551 854 0 0
************
552 855 0.624022 6.66592
551 855 0 0
************
552 856 0.612285 8.97711
551 856 0 0
************
552 857 0.563695 12.2138
551 857 0 0
************
552 858 0.507369 15.828
551 858 0 0
************
553 845 0.511117 12.1465
552 845 0 0
************
553 846 0.567371 6.92122
552 846 0 0
************
553 847 0.611412 4.9383
552 847 0 0
************
553 848 0.621209 3.36233
552 848 0 0
************
553 849 0.597247 3.29654
552 849 0 0
************
553 850 0.581968 5.09637
552 850 0 0
************
553 851 0.541303 6.039
552 851 0.531225 2.53293
************
554 844 0.501142 15.3085
553 844 0 0
************
555 841 0.504079 32.1671
554 840 0 0
************
556 840 0.502443 36.8872
555 839 0 0
************
585 1316 0.505863 112.91
586 1315 0 0
************
586 1316 0.545464 115.87
587 1315 0 0
************
587 1317 0.512761 108.749
587 1316 0 0
************
588 1317 0.586541 108.556
588 1316 0 0
************
589 84 0.512624 78.7462
589 83 0 0
************
589 1317 0.570957 108.248
589 1316 0 0
************
590 84 0.576774 79.3161
590 83 0 0
************
590 1318 0.564246 104.042
590 1317 0.508551 107.132
************
591 84 0.60582 79.5408
591 83 0 0
************
591 1318 0.60464 103.608
591 1317 0 0
************
591 1376 0.574252 19.961
590 1376 0 0
************
591 1377 0.641549 13.1717
590 1377 0 0
************
591 1378 0.612992 6.57576
590 1378 0 0
************
591 1379 0.614994 1.26417
590 1379 0 0
************
591 1380 0.588383 179.028
590 1380 0 0
************
591 1381 0.537681 178.913
590 1381 0 0
************
591 1382 0.549968 179.844
590 1382 0 0
************
592 84 0.53537 80.645
592 83 0 0
************
592 1318 0.603195 103.085
592 1317 0 0
************
592 1374 0.539365 30.1482
591 1373 0 0
************
592 1375 0.59942 26.143
591 1374 0 0
************
593 1318 0.599491 102.481
593 1317 0 0
************
593 1373 0.591142 38.0468
592 1372 0 0
************
593 1374 0.542192 32.6116
592 1373 0 0
************
594 83 0.501509 78.7375
594 82 0 0
************
594 1319 0.611239 98.0384
594 1318 0.54463 104.479
************
594 1371 0.534762 40.235
593 1370 0 0
************
594 1372 0.648319 40.6873
593 1371 0 0
************
595 1319 0.680438 99.7816
595 1318 0 0
************
595 1370 0.633194 38.7746
594 1369 0 0
************
595 1371 0.698137 37.9179
594 1370 0 0
************
596 1319 0.717054 101.757
596 1318 0 0
************
596 1369 0.666804 36.527
595 1368 0 0
************
596 1370 0.59798 36.2848
595 1369 0.548479 43.82
************
597 1319 0.668947 104.428
597 1318 0 0
************
597 1367 0.655951 41.1476
596 1366 0 0
************
597 1368 0.722094 37.8079
596 1367 0 0
************
597 1369 0.588974 37.1945
596 1368 0.565087 41.2563
************
598 1320 0.620339 110.654
598 1319 0.612135 105.912
************
598 1366 0.680697 41.821
597 1365 0 0
************
598 1367 0.733241 41.0654
597 1366 0 0
************
599 1320 0.625491 114.778
600 1319 0 0
************
599 1365 0.593978 44.7003
598 1364 0 0
************
599 1366 0.725137 45.9346
598 1365 0 0
************
600 1320 0.509419 120.209
601 1319 0 0
************
600 1321 0.531618 124.546
601 1320 0 0
************
600 1365 0.58843 50.2908
599 1364 0 0
************
601 1321 0.504461 130.44
602 1320 0 0
************
601 1322 0.521891 139.868
602 1321 0 0
************
601 1362 0.52111 19.0694
600 1362 0 0
************
602 1322 0.515045 146.235
603 1321 0 0
************
602 1323 0.590463 153.448
603 1322 0 0
************
602 1360 0.603546 14.098
601 1360 0.523882 19.8209
************
602 1361 0.561321 12.0404
601 1361 0.543906 18.3375
************
603 1324 0.634253 163.464
602 1324 0.527981 161.194
************
603 1325 0.687965 167.763
602 1325 0 0
************
603 1326 0.62893 168.501
602 1326 0 0
************
603 1357 0.51045 35.5191
602 1356 0 0
************
603 1358 0.53624 28.5541
602 1357 0 0
************
603 1359 0.562191 23.039
602 1358 0 0
************
604 1327 0.540125 164.322
603 1327 0.515471 167.56
************
604 1328 0.542792 160.939
603 1328 0 0
************
604 1356 0.537611 38.3674
603 1355 0 0
************
604 1365 0.508112 115.422
605 1364 0 0
************
605 1330 0.513605 151.333
606 1329 0 0
************
605 1355 0.533304 40.0075
604 1354 0 0
************
605 1365 0.532154 114.673
606 1364 0 0
************
605 1366 0.506657 115.33
606 1365 0 0
************
606 1331 0.501245 146.915
607 1330 0 0
************
606 1332 0.51371 146.512
607 1331 0 0
************
606 1353 0.548576 34.8485
605 1352 0 0
************
606 1354 0.550451 37.3069
605 1353 0 0
************
607 1333 0.56738 145.818
608 1332 0 0
************
607 1334 0.517179 146.509
608 1333 0 0
************
607 1351 0.533863 33.5089
606 1350 0 0
************
607 1352 0.574492 34.8688
606 1351 0 0
************
607 1353 0.567609 34.9792
606 1352 0 0
************
608 1334 0.569211 144.49
609 1333 0 0
************
608 1335 0.630813 144.607
609 1334 0 0
************
608 1349 0.540986 28.6508
607 1348 0 0
************
608 1350 0.596227 30.3913
607 1349 0 0
************
608 1351 0.582735 31.6512
607 1350 0 0
************
609 1335 0.564666 144.58
610 1334 0 0
************
609 1336 0.637571 143.139
610 1335 0 0
************
609 1346 0.536594 15.314
608 1346 0 0
************
609 1347 0.604594 17.1113
608 1347 0 0
************
609 1348 0.602511 20.1388
608 1348 0 0
************
609 1349 0.510125 24.4448
608 1348 0 0
************
610 39 0.505127 20.3042
609 39 0 0
************
610 1336 0.516391 145.596
611 1335 0 0
************
610 1337 0.5502 143.836
611 1336 0 0
************
610 1342 0.50314 9.67079
609 1342 0 0
************
610 1343 0.528968 14.5419
609 1343 0 0
************
610 1344 0.570637 15.4084
609 1344 0 0
************
610 1345 0.55483 15.9043
609 1345 0 0
************
611 34 0.634341 13.2699
610 34 0 0
************
611 35 0.640739 13.1349
610 35 0 0
************
611 36 0.640905 12.4647
610 36 0 0
************
611 37 0.588195 12.4834
610 37 0 0
************
611 38 0.507278 11.7457
610 38 0 0
************
612 26 0.536744 10.1139
611 26 0 0
************
612 27 0.531337 7.80516
611 27 0 0
************
612 28 0.541836 6.70605
611 28 0 0
************
612 29 0.586491 6.71259
611 29 0 0
************
612 30 0.618714 7.17496
611 30 0 0
************
612 31 0.627338 9.82657
611 31 0 0
************
612 32 0.604136 12.2902
611 32 0 0
************
612 33 0.567035 12.1326
611 33 0.566378 14.1211
************
613 13 0.527571 5.65141
612 13 0 0
************
613 14 0.574291 3.33591
612 14 0 0
************
613 15 0.577783 2.32324
612 15 0 0
************
613 16 0.573706 2.11754
612 16 0 0
************
613 17 0.579422 0.819248
612 17 0 0
************
613 18 0.60068 0.523156
612 18 0 0
************
613 19 0.581797 1.39272
612 19 0 0
************
613 20 0.590256 0.628493
612 20 0 0
************
613 21 0.624884 0.940674
612 21 0 0
************
613 22 0.639268 3.07273
612 22 0 0
************
613 23 0.638411 6.17788
612 23 0 0
************
613 24 0.608306 8.96464
612 24 0 0
************
613 25 0.538494 9.62288
612 25 0 0
************
639 1148 0.545509 82.6778
639 1147 0 0
************
640 1148 0.591286 80.5507
640 1147 0 0
************
641 1148 0.56235 75.1842
641 1147 0 0
************
642 1148 0.545578 73.5944
642 1147 0.537422 75.1822
************
643 1147 0.553091 71.0605
643 1146 0 0
************
644 1147 0.579989 69.5115
644 1146 0 0
************
645 1146 0.517036 61.3343
644 1145 0 0
************
646 1145 0.516065 52.2234
645 1144 0 0
************
646 1146 0.552926 58.4208
645 1145 0 0
************
647 1144 0.524882 44.0567
646 1143 0 0
************
647 1145 0.540903 46.7974
646 1144 0 0
************
648 1143 0.503967 41.4884
647 1142 0 0
************
648 1144 0.531344 42.2224
647 1143 0 0
************
649 1142 0.534965 36.381
648 1141 0 0
************
649 1143 0.53945 37.7727
648 1142 0 0
************
650 1140 0.500692 27.6963
649 1139 0 0
************
650 1141 0.560232 32.7889
649 1140 0 0
************
651 1139 0.585859 23.1404
650 1138 0 0
************
651 1140 0.555386 25.7324
650 1139 0 0
************
652 1137 0.647937 18.2019
651 1137 0 0
************
652 1138 0.671875 16.1905
651 1138 0.525635 22.5677
************
653 1134 0.536181 24.9251
652 1133 0 0
************
653 1135 0.578679 22.9925
652 1134 0 0
************
653 1136 0.580617 18.8239
652 1136 0.54521 21.4405
************
654 1133 0.54338 27.2498
653 1132 0 0
************
654 1134 0.505486 23.6942
653 1133 0 0
************
655 1131 0.520832 35.6074
654 1130 0 0
************
656 1130 0.570854 40.4808
655 1129 0 0
************
657 1129 0.527853 45.4205
656 1128 0 0
************
658 1128 0.500174 48.2714
657 1127 0 0
************
663 1021 0.532414 79.2003
663 1020 0 0
************
664 1021 0.591712 79.4252
664 1020 0 0
************
664 1115 0.535423 34.3022
663 1114 0 0
************
665 1021 0.556285 80.6673
665 1020 0 0
************
665 1114 0.547616 31.9451
664 1113 0 0
************
665 1115 0.518849 35.3482
664 1114 0 0
************
666 1113 0.523233 29.2662
665 1112 0 0
************
667 1111 0.558106 30.9833
666 1110 0 0
************
667 1112 0.53004 25.9284
666 1111 0 0
************
668 1109 0.532472 34.7581
667 1108 0 0
************
668 1110 0.524419 32.1597
667 1109 0 0
************
669 1108 0.507771 38.2424
668 1107 0 0
************
670 1107 0.522189 43.1226
669 1106 0 0
************
671 1106 0.505838 50.577
670 1105 0 0
************
757 1158 0.507422 162.849
756 1158 0 0
************
774 723 0.569838 149.789
775 722 0 0
************
775 724 0.562327 147.877
776 723 0 0
************
776 725 0.539472 141.206
777 724 0 0
************
777 726 0.522076 133.34
778 725 0 0
************
796 1028 0.519978 11.1367
795 1028 0 0
************
796 1029 0.512262 11.3128
795 1029 0 0
************
797 1025 0.531066 16.4448
796 1025 0 0
************
797 1026 0.518496 15.0489
796 1026 0 0
************
848 976 0.509596 64.908
847 975 0 0
************
878 740 0.52787 78.6967
878 739 0 0
************
879 740 0.586676 79.4012
879 739 0 0
************
880 740 0.570347 81.3736
880 739 0 0
************
881 740 0.565807 85.2269
881 739 0 0
************
882 740 0.527551 85.7646
882 739 0 0
************
886 741 0.507474 130.941
887 740 0 0
************
887 742 0.544779 131.332
888 741 0 0
************
946 468 0.570503 21.0158
945 468 0 0
************
946 469 0.584315 18.1549
945 469 0 0
************
946 470 0.522517 16.7925
945 470 0 0
************
947 463 0.544327 14.2678
946 463 0 0
************
947 464 0.544199 15.7239
946 464 0 0
************
947 465 0.523338 17.81
946 465 0 0
************
948 459 0.556191 9.62606
947 459 0 0
************
948 460 0.59355 11.3111
947 460 0 0
************
948 461 0.575882 12.6374
947 461 0.500901 9.78603
************
948 462 0.548146 14.6485
947 462 0.540006 11.7354
total time is 7.08 s
请按任意键继续. . . 